 threshold         method  time_s_mean  time_s_ci95  speedup_mean  speedup_ci95  caps_mean  best_minz_mean  success_rate  n_evals_mean  gpu_full_evals_mean  cache_hits_mean  pruned_mean  trajectory_match_rate  n_runs
     0.040           fast     6.129230     0.100717     18.809360      0.309920        NaN        0.046107          0.00       40000.0              6400.65           636.40     32962.95                    1.0      20
     0.040          numpy   115.132651     0.040018      1.000000      0.000000        NaN        0.046107          0.00       40000.0             40000.00             0.00         0.00                    1.0      20
     0.040             sm    94.454391     0.026543      1.218923      0.000285        NaN        0.046107          0.00       40000.0             40000.00             0.00         0.00                    1.0      20
     0.040          solve    72.616430     0.031661      1.585491      0.000526        NaN        0.046107          0.00       40000.0             40000.00             0.00         0.00                    1.0      20
     0.040       woodbury    36.278520     0.028887      3.173583      0.002000        NaN        0.046107          0.00       40000.0             40000.00             0.00         0.00                    1.0      20
     0.040 woodbury_batch    16.287377     0.072351      7.069483      0.029938        NaN        0.046107          0.00       40000.0             40000.00             0.00         0.00                    1.0      20
     0.045           fast     5.293959     0.671063     22.136817      3.251269  14.600000        0.046255          0.25       37232.2              5945.50           587.90     30709.10                    1.0      20
     0.045          numpy   106.904617     7.941719      1.000000      0.000000  14.600000        0.046255          0.25       37232.2             37232.20             0.00         0.00                    1.0      20
     0.045             sm    84.586898     9.125660      1.321889      0.113410  14.600000        0.046255          0.25       37232.2             37232.20             0.00         0.00                    1.0      20
     0.045          solve    67.259131     5.147289      1.591740      0.006086  14.600000        0.046255          0.25       37232.2             37232.20             0.00         0.00                    1.0      20
     0.045       woodbury    32.613161     3.190342      3.345713      0.140949  14.600000        0.046255          0.25       37232.2             37232.20             0.00         0.00                    1.0      20
     0.045 woodbury_batch    13.982553     1.999491      9.413439      2.872314  14.600000        0.046255          0.25       37232.2             37242.50             0.00         0.00                    1.0      20
     0.050           fast     1.693938     0.686639     38.267920      3.344937   9.473684        0.049447          0.95       19426.5              3071.05           296.75     16097.20                    1.0      20
     0.050          numpy    53.814049    10.520881      1.000000      0.000000   9.473684        0.049447          0.95       19426.5             19426.50             0.00         0.00                    1.0      20
     0.050             sm    28.602740    10.716151      2.261978      0.230001   9.473684        0.049447          0.95       19426.5             19426.50             0.00         0.00                    1.0      20
     0.050          solve    33.149774     6.751967      1.632096      0.008709   9.473684        0.049447          0.95       19426.5             19426.50             0.00         0.00                    1.0      20
     0.050       woodbury    17.415651     4.036497      3.154681      0.065013   9.473684        0.049447          0.95       19426.5             19426.50             0.00         0.00                    1.0      20
     0.050 woodbury_batch     3.104037     2.048197     32.568344      5.879538   9.473684        0.049447          0.95       19426.5             19465.00             0.00         0.00                    1.0      20