fast T=0.04: runs [1, 2, 3, 4, 5, 6, 7, 8, 9, 10, 11, 12, 13, 14, 15, 16, 17, 18, 19, 20] best_minZ [0.04444, 0.04467, 0.04528, 0.04561, 0.04644, 0.04547, 0.04678, 0.04568, 0.0453, 0.04342, 0.04697, 0.04829, 0.04665, 0.04789, 0.04444, 0.04629, 0.04405, 0.0474, 0.05084, 0.04622]
numpy T=0.04: runs [1, 2, 3, 4, 5, 6, 7, 8, 9, 10, 11, 12, 13, 14, 15, 16, 17, 18, 19, 20] best_minZ [0.04444, 0.04467, 0.04528, 0.04561, 0.04644, 0.04547, 0.04678, 0.04568, 0.0453, 0.04342, 0.04697, 0.04829, 0.04665, 0.04789, 0.04444, 0.04629, 0.04405, 0.0474, 0.05084, 0.04622]
sm T=0.04: runs [1, 2, 3, 4, 5, 6, 7, 8, 9, 10, 11, 12, 13, 14, 15, 16, 17, 18, 19, 20] best_minZ [0.04444, 0.04467, 0.04528, 0.04561, 0.04644, 0.04547, 0.04678, 0.04568, 0.0453, 0.04342, 0.04697, 0.04829, 0.04665, 0.04789, 0.04444, 0.04629, 0.04405, 0.0474, 0.05084, 0.04622]
solve T=0.04: runs [1, 2, 3, 4, 5, 6, 7, 8, 9, 10, 11, 12, 13, 14, 15, 16, 17, 18, 19, 20] best_minZ [0.04444, 0.04467, 0.04528, 0.04561, 0.04644, 0.04547, 0.04678, 0.04568, 0.0453, 0.04342, 0.04697, 0.04829, 0.04665, 0.04789, 0.04444, 0.04629, 0.04405, 0.0474, 0.05084, 0.04622]
woodbury T=0.04: runs [1, 2, 3, 4, 5, 6, 7, 8, 9, 10, 11, 12, 13, 14, 15, 16, 17, 18, 19, 20] best_minZ [0.04444, 0.04467, 0.04528, 0.04561, 0.04644, 0.04547, 0.04678, 0.04568, 0.0453, 0.04342, 0.04697, 0.04829, 0.04665, 0.04789, 0.04444, 0.04629, 0.04405, 0.0474, 0.05084, 0.04622]
woodbury_batch T=0.04: runs [1, 2, 3, 4, 5, 6, 7, 8, 9, 10, 11, 12, 13, 14, 15, 16, 17, 18, 19, 20] best_minZ [0.04444, 0.04467, 0.04528, 0.04561, 0.04644, 0.04547, 0.04678, 0.04568, 0.0453, 0.04342, 0.04697, 0.04829, 0.04665, 0.04789, 0.04444, 0.04629, 0.04405, 0.0474, 0.05084, 0.04622]
fast T=0.045: runs [3, 4, 5, 6, 7, 8, 9, 11, 12, 13, 14, 16, 18, 19, 20] best_minZ [0.04528, 0.04561, 0.04644, 0.04547, 0.04678, 0.04568, 0.0453, 0.04697, 0.04829, 0.04665, 0.04789, 0.04629, 0.0474, 0.05084, 0.04622]
numpy T=0.045: runs [3, 4, 5, 6, 7, 8, 9, 11, 12, 13, 14, 16, 18, 19, 20] best_minZ [0.04528, 0.04561, 0.04644, 0.04547, 0.04678, 0.04568, 0.0453, 0.04697, 0.04829, 0.04665, 0.04789, 0.04629, 0.0474, 0.05084, 0.04622]
sm T=0.045: runs [3, 4, 5, 6, 7, 8, 9, 11, 12, 13, 14, 16, 18, 19, 20] best_minZ [0.04528, 0.04561, 0.04644, 0.04547, 0.04678, 0.04568, 0.0453, 0.04697, 0.04829, 0.04665, 0.04789, 0.04629, 0.0474, 0.05084, 0.04622]
solve T=0.045: runs [3, 4, 5, 6, 7, 8, 9, 11, 12, 13, 14, 16, 18, 19, 20] best_minZ [0.04528, 0.04561, 0.04644, 0.04547, 0.04678, 0.04568, 0.0453, 0.04697, 0.04829, 0.04665, 0.04789, 0.04629, 0.0474, 0.05084, 0.04622]
woodbury T=0.045: runs [3, 4, 5, 6, 7, 8, 9, 11, 12, 13, 14, 16, 18, 19, 20] best_minZ [0.04528, 0.04561, 0.04644, 0.04547, 0.04678, 0.04568, 0.0453, 0.04697, 0.04829, 0.04665, 0.04789, 0.04629, 0.0474, 0.05084, 0.04622]
woodbury_batch T=0.045: runs [3, 4, 5, 6, 7, 8, 9, 11, 12, 13, 14, 16, 18, 19, 20] best_minZ [0.04528, 0.04561, 0.04644, 0.04547, 0.04678, 0.04568, 0.0453, 0.04697, 0.04829, 0.04665, 0.04789, 0.04629, 0.0474, 0.05084, 0.04622]
fast T=0.05: runs [19] best_minZ [0.05084]
numpy T=0.05: runs [19] best_minZ [0.05084]
sm T=0.05: runs [19] best_minZ [0.05084]
solve T=0.05: runs [19] best_minZ [0.05084]
woodbury T=0.05: runs [19] best_minZ [0.05084]
woodbury_batch T=0.05: runs [19] best_minZ [0.05084]
